RANK TEAM PRO/SOLVED TIME
   1   13    2          840
   2   17    1          57
   3   21    1          76
   4   20    1          398
   5   22    1          411
   6   11    1          527
   7   1
   7   6
   7   8
   7   9
   7   18

RANK TEAM PRO/SOLVED TIME
   1   13    4          1680
   2   17    2          114
   3   21    2          152
   4   20    2          796
   5   22    2          822
   6   11    2          1054
   7   1
   7   6
   7   8
   7   9
   7   18

RANK TEAM PRO/SOLVED TIME
   1   13    6          2520
   2   21    4          459
   3   17    3          171
   4   20    3          1194
   5   22    3          1233
   6   11    3          1581
   7   5    2          931
   8   16    1          7
   9   2    1          527
   10   1
   10   6
   10   8
   10   9
   10   14
   10   18
   10   24

RANK TEAM PRO/SOLVED TIME
   1   13    8          3360
   2   21    6          766
   3   17    4          228
   4   20    4          1592
   5   22    4          1644
   6   5    4          1862
   7   11    4          2108
   8   16    2          14
   9   2    2          1054
   10   8    1          4
   11   10    1          8
   12   1
   12   3
   12   6
   12   9
   12   14
   12   18
   12   19
   12   23
   12   24
   12   25

RANK TEAM PRO/SOLVED TIME
   1   13    10          4200
   2   21    9          1358
   3   5    7          3370
   4   17    5          285
   5   20    5          1990
   6   22    5          2055
   7   11    5          2635
   8   16    3          21
   9   8    3          326
   10   2    3          1581
   11   10    2          16
   12   4    1          71
   13   9    1          281
   14   15    1          400
   15   14    1          616
   16   1
   16   3
   16   6
   16   18
   16   19
   16   23
   16   24
   16   25

RANK TEAM PRO/SOLVED TIME
   1   21    12          1950
   2   13    12          5040
   3   5    10          4878
   4   22    7          2527
   5   17    6          342
   6   20    6          2388
   7   11    6          3162
   8   8    5          648
   9   16    4          28
   10   2    4          2108
   11   10    3          24
   12   4    2          142
   13   9    2          562
   14   15    2          800
   15   14    2          1232
   16   24    1          213
   17   1
   17   3
   17   6
   17   18
   17   19
   17   23
   17   25

RANK TEAM PRO/SOLVED TIME
   1   21    15          2542
   2   13    14          5880
   3   5    13          6386
   4   22    9          2999
   5   17    7          399
   6   8    7          970
   7   20    7          2786
   8   11    7          3689
   9   16    5          35
   10   2    5          2635
   11   10    4          32
   12   4    3          213
   13   9    3          843
   14   15    3          1200
   15   14    3          1848
   16   24    2          426
   17   25    1          215
   18   1
   18   3
   18   6
   18   18
   18   19
   18   23

RANK TEAM PRO/SOLVED TIME
   1   21    18          3134
   2   13    16          6720
   3   5    16          7894
   4   22    11          3471
   5   8    9          1292
   6   17    8          456
   7   20    8          3184
   8   11    8          4216
   9   16    6          42
   10   2    6          3162
   11   10    5          40
   12   4    4          284
   13   9    4          1124
   14   15    4          1600
   15   14    4          2464
   16   24    3          639
   17   25    2          430
   18   1
   18   3
   18   6
   18   18
   18   19
   18   23

RANK TEAM PRO/SOLVED TIME
   1   21    21          3726
   2   5    19          9402
   3   13    18          7560
   4   22    13          3943
   5   8    11          1614
   6   17    9          513
   7   20    9          3582
   8   11    9          4743
   9   16    7          49
   10   2    7          3689
   11   10    6          48
   12   15    6          2143
   13   4    5          355
   14   9    5          1405
   15   14    5          3080
   16   24    4          852
   17   25    3          645
   18   6    1          157
   19   7    1          335
   20   1
   20   3
   20   18
   20   19
   20   23

RANK TEAM PRO/SOLVED TIME
   1   21    25          4716
   2   5    22          10910
   3   13    20          8400
   4   22    15          4415
   5   8    13          1936
   6   17    11          787
   7   11    11          5298
   8   20    10          3980
   9   15    9          2887
   10   16    8          56
   11   10    8          86
   12   2    8          4216
   13   4    7          961
   14   9    7          1721
   15   14    7          4074
   16   25    6          1813
   17   24    5          1065
   18   7    3          738
   19   6    2          314
   20   23    1          469
   21   1
   21   3
   21   18
   21   19

RANK TEAM PRO/SOLVED TIME
   1   21    30          6125
   2   5    27          13269
   3   13    22          9240
   4   22    17          4887
   5   8    15          2258
   6   17    13          1061
   7   11    13          5853
   8   15    12          3631
   9   20    11          4378
   10   10    10          124
   11   2    10          5088
   12   16    9          63
   13   4    9          1567
   14   9    9          2037
   15   25    9          2981
   16   14    9          5068
   17   24    6          1278
   18   7    5          1141
   19   6    3          471
   20   23    3          1121
   21   12    1          11
   22   3    1          274
   23   1
   23   18
   23   19

RANK TEAM PRO/SOLVED TIME
   1   21    35          7534
   2   5    32          15628
   3   13    24          10080
   4   22    19          5359
   5   8    17          2580
   6   17    15          1335
   7   15    15          4375
   8   11    15          6408
   9   10    12          162
   10   25    12          4149
   11   20    12          4776
   12   2    12          5960
   13   4    11          2173
   14   9    11          2353
   15   14    11          6062
   16   16    10          70
   17   7    8          2036
   18   24    7          1491
   19   23    5          1773
   20   6    4          628
   21   3    3          663
   22   12    2          22
   23   1
   23   18
   23   19

RANK TEAM PRO/SOLVED TIME
   1   21    40          8943
   2   5    37          17987
   3   13    26          10920
   4   22    21          5831
   5   8    19          2902
   6   15    18          5119
   7   17    17          1609
   8   11    17          6963
   9   25    15          5317
   10   10    14          200
   11   4    14          2967
   12   2    14          6832
   13   14    14          7449
   14   9    13          2669
   15   20    13          5174
   16   7    12          3197
   17   16    11          77
   18   24    8          1704
   19   23    7          2425
   20   6    5          785
   21   3    5          1052
   22   12    3          33
   23   1
   23   18
   23   19

RANK TEAM PRO/SOLVED TIME
   1   21    45          10352
   2   5    42          20346
   3   13    28          11760
   4   22    23          6303
   5   8    21          3224
   6   15    21          5863
   7   17    19          1883
   8   11    19          7518
   9   25    18          6485
   10   4    17          3761
   11   14    17          8836
   12   10    16          238
   13   7    16          4358
   14   2    16          7704
   15   9    15          2985
   16   20    14          5572
   17   16    12          84
   18   24    9          1917
   19   23    9          3077
   20   3    7          1441
   21   6    6          942
   22   12    4          44
   23   19    1          103
   24   1
   24   18

RANK TEAM PRO/SOLVED TIME
   1   21    50          11761
   2   5    47          22705
   3   13    30          12600
   4   22    25          6775
   5   15    24          6607
   6   8    23          3546
   7   17    21          2157
   8   25    21          7653
   9   11    21          8073
   10   4    20          4555
   11   7    20          5519
   12   14    20          10223
   13   10    18          276
   14   2    18          8576
   15   9    17          3301
   16   20    15          5970
   17   16    13          91
   18   23    11          3729
   19   24    10          2130
   20   3    9          1830
   21   6    7          1099
   22   12    5          55
   23   19    2          206
   24   1
   24   18

RANK TEAM PRO/SOLVED TIME
   1   21    55          13170
   2   5    54          25764
   3   13    32          13440
   4   15    28          7459
   5   22    27          7247
   6   8    25          3868
   7   7    25          6999
   8   25    24          8821
   9   17    23          2431
   10   4    23          5349
   11   11    23          8628
   12   14    23          11610
   13   10    20          314
   14   2    20          9448
   15   9    19          3617
   16   20    16          6368
   17   16    14          98
   18   23    13          4381
   19   3    11          2219
   20   24    11          2343
   21   6    8          1256
   22   12    7          436
   23   19    3          309
   24   1
   24   18

RANK TEAM PRO/SOLVED TIME
   1   5    61          28823
   2   21    60          14579
   3   13    34          14280
   4   15    32          8311
   5   7    30          8479
   6   22    29          7719
   7   25    28          10465
   8   8    27          4190
   9   4    26          6143
   10   14    26          12997
   11   17    25          2705
   12   11    25          9183
   13   2    23          10572
   14   10    22          352
   15   9    21          3933
   16   20    17          6766
   17   16    15          105
   18   23    15          5033
   19   3    13          2608
   20   24    12          2556
   21   12    9          817
   22   6    9          1413
   23   19    5          763
   24   1
   24   18

RANK TEAM PRO/SOLVED TIME
   1   5    68          31882
   2   21    65          15988
   3   15    36          9163
   4   7    36          10465
   5   13    36          15120
   6   25    32          12109
   7   22    31          8191
   8   8    29          4512
   9   4    29          6937
   10   14    29          14384
   11   17    27          2979
   12   11    27          9738
   13   2    26          11696
   14   10    24          390
   15   9    23          4249
   16   20    18          7164
   17   23    17          5685
   18   16    16          112
   19   3    15          2997
   20   24    13          2769
   21   12    12          1675
   22   6    10          1570
   23   19    7          1217
   24   1
   24   18

RANK TEAM PRO/SOLVED TIME
   1   5    75          34941
   2   21    70          17397
   3   7    42          12451
   4   15    40          10015
   5   13    38          15960
   6   25    36          13753
   7   22    33          8663
   8   4    32          7731
   9   14    32          15771
   10   8    31          4834
   11   11    30          10484
   12   2    30          12977
   13   17    29          3253
   14   10    26          428
   15   9    25          4565
   16   20    20          8105
   17   23    19          6337
   18   16    17          119
   19   3    17          3386
   20   12    15          2533
   21   24    14          2982
   22   6    11          1727
   23   19    10          1710
   24   1
   24   18

RANK TEAM PRO/SOLVED TIME
   1   5    82          38000
   2   21    75          18806
   3   7    48          14437
   4   15    44          10867
   5   25    40          15397
   6   13    40          16800
   7   4    35          8525
   8   22    35          9135
   9   14    35          17158
   10   11    34          11383
   11   2    34          14258
   12   8    33          5156
   13   17    31          3527
   14   10    28          466
   15   9    27          4881
   16   20    22          9046
   17   23    21          6989
   18   3    19          3775
   19   16    18          126
   20   12    18          3391
   21   24    15          3195
   22   19    13          2203
   23   6    12          1884
   24   18    1          154
   25   1

RANK TEAM PRO/SOLVED TIME
   1   5    89          41059
   2   21    80          20215
   3   7    54          16423
   4   15    48          11719
   5   25    44          17041
   6   13    42          17640
   7   4    38          9319
   8   11    38          12282
   9   2    38          15539
   10   14    38          18545
   11   22    37          9607
   12   8    35          5478
   13   17    33          3801
   14   10    30          504
   15   9    29          5197
   16   20    24          9987
   17   23    23          7641
   18   3    22          4624
   19   12    21          4249
   20   16    19          133
   21   19    16          2696
   22   24    16          3408
   23   6    13          2041
   24   18    2          308
   25   1    1          496

RANK TEAM PRO/SOLVED TIME
   1   5    96          44118
   2   21    85          21624
   3   7    60          18409
   4   15    52          12571
   5   25    48          18685
   6   13    45          18680
   7   11    42          13181
   8   2    42          16820
   9   4    41          10113
   10   14    41          19932
   11   22    39          10079
   12   8    38          6373
   13   17    35          4075
   14   10    32          542
   15   9    31          5513
   16   20    26          10928
   17   3    25          5473
   18   23    25          8293
   19   12    24          5107
   20   16    20          140
   21   19    19          3189
   22   24    17          3621
   23   6    14          2198
   24   18    3          462
   25   1    2          992

RANK TEAM PRO/SOLVED TIME
   1   5    103          47177
   2   21    90          23033
   3   7    66          20395
   4   15    56          13423
   5   25    52          20329
   6   13    48          19720
   7   11    46          14080
   8   2    46          18101
   9   4    44          10907
   10   14    44          21319
   11   22    42          11024
   12   8    41          7268
   13   17    38          4866
   14   10    34          580
   15   9    33          5829
   16   3    28          6322
   17   20    28          11869
   18   12    27          5965
   19   23    27          8945
   20   19    23          3708
   21   16    21          147
   22   24    18          3834
   23   6    15          2355
   24   18    4          616
   25   1    3          1488

RANK TEAM PRO/SOLVED TIME
   1   5    110          50236
   2   21    95          24442
   3   7    72          22381
   4   15    60          14275
   5   25    56          21973
   6   13    52          21169
   7   11    50          14979
   8   2    50          19382
   9   4    47          11701
   10   14    47          22706
   11   22    45          11969
   12   8    44          8163
   13   17    41          5657
   14   10    36          618
   15   9    35          6145
   16   3    31          7171
   17   12    31          7222
   18   20    30          12810
   19   23    29          9597
   20   19    28          4601
   21   16    22          154
   22   24    19          4047
   23   6    16          2512
   24   18    6          1213
   25   1    5          2485

RANK TEAM PRO/SOLVED TIME
   1   5    117          53295
   2   21    100          25851
   3   7    78          24367
   4   15    64          15127
   5   25    60          23617
   6   13    56          22618
   7   2    55          21019
   8   11    54          15878
   9   4    50          12495
   10   14    50          24093
   11   22    48          12914
   12   8    47          9058
   13   17    44          6448
   14   10    38          656
   15   9    37          6461
   16   12    35          8479
   17   3    34          8020
   18   19    33          5494
   19   20    32          13751
   20   23    31          10249
   21   16    23          161
   22   24    21          4312
   23   6    19          3686
   24   18    8          1810
   25   1    8          3997

RANK TEAM PRO/SOLVED TIME
   1   5    124          56354
   2   21    105          27260
   3   7    84          26353
   4   15    68          15979
   5   25    64          25261
   6   2    60          22656
   7   13    60          24067
   8   11    58          16777
   9   14    54          25690
   10   4    53          13289
   11   22    51          13859
   12   8    50          9953
   13   17    47          7239
   14   10    40          694
   15   9    39          6777
   16   12    39          9736
   17   19    38          6387
   18   3    37          8869
   19   20    34          14692
   20   23    33          10901
   21   16    25          548
   22   24    24          4665
   23   6    23          4862
   24   1    11          5509
   25   18    10          2407

RANK TEAM PRO/SOLVED TIME
   1   5    131          59413
   2   21    110          28669
   3   7    90          28339
   4   15    72          16831
   5   25    68          26905
   6   2    65          24293
   7   13    64          25516
   8   11    62          17676
   9   14    59          27811
   10   4    56          14083
   11   22    54          14804
   12   8    53          10848
   13   17    52          8991
   14   19    43          7280
   15   12    43          10993
   16   10    42          732
   17   9    41          7093
   18   3    40          9718
   19   20    36          15633
   20   23    35          11553
   21   16    27          935
   22   24    27          5018
   23   6    27          6038
   24   1    14          7021
   25   18    12          3004

RANK TEAM PRO/SOLVED TIME
   1   5    138          62472
   2   21    115          30078
   3   7    96          30325
   4   15    76          17683
   5   25    72          28549
   6   2    70          25930
   7   13    68          26965
   8   11    66          18575
   9   14    64          29932
   10   4    59          14877
   11   22    58          16239
   12   17    57          10743
   13   8    56          11743
   14   19    48          8173
   15   12    47          12250
   16   10    44          770
   17   3    44          11154
   18   9    43          7409
   19   20    38          16574
   20   23    37          12205
   21   6    31          7214
   22   24    30          5371
   23   16    29          1322
   24   1    17          8533
   25   18    15          4052

RANK TEAM PRO/SOLVED TIME
   1   5    145          65531
   2   21    120          31487
   3   7    102          32311
   4   15    80          18535
   5   25    76          30193
   6   2    75          27567
   7   13    72          28414
   8   11    70          19474
   9   14    69          32053
   10   17    62          12495
   11   4    62          15671
   12   22    62          17674
   13   8    59          12638
   14   19    53          9066
   15   12    51          13507
   16   3    48          12590
   17   10    46          808
   18   9    46          8278
   19   20    40          17515
   20   23    39          12857
   21   6    35          8390
   22   24    33          5724
   23   16    31          1709
   24   1    20          10045
   25   18    18          5100

RANK TEAM PRO/SOLVED TIME
   1   5    152          68590
   2   21    125          32896
   3   7    108          34297
   4   15    84          19387
   5   2    80          29204
   6   25    80          31837
   7   13    76          29863
   8   11    74          20373
   9   14    74          34174
   10   17    67          14247
   11   22    66          19109
   12   4    65          16465
   13   8    62          13533
   14   19    58          9959
   15   12    55          14764
   16   3    52          14026
   17   9    49          9147
   18   10    48          846
   19   20    42          18456
   20   23    41          13509
   21   6    39          9566
   22   24    36          6077
   23   16    33          2096
   24   1    23          11557
   25   18    22          6482

RANK TEAM PRO/SOLVED TIME
   1   5    159          71649
   2   21    130          34305
   3   7    114          36283
   4   15    88          20239
   5   2    85          30841
   6   25    84          33481
   7   13    80          31312
   8   14    79          36295
   9   11    78          21272
   10   17    72          15999
   11   22    70          20544
   12   4    68          17259
   13   8    65          14428
   14   19    63          10852
   15   12    59          16021
   16   3    56          15462
   17   9    52          10016
   18   10    50          884
   19   20    44          19397
   20   6    43          10742
   21   23    43          14161
   22   24    39          6430
   23   16    35          2483
   24   18    26          7864
   25   1    26          13069

RANK TEAM PRO/SOLVED TIME
   1   5    166          74708
   2   21    135          35714
   3   7    121          38604
   4   15    92          21091
   5   2    90          32478
   6   25    88          35125
   7   13    84          32761
   8   14    84          38416
   9   11    83          22230
   10   17    77          17751
   11   22    74          21979
   12   4    71          18053
   13   19    68          11745
   14   8    68          15323
   15   12    63          17278
   16   3    60          16898
   17   9    55          10885
   18   10    52          922
   19   6    47          11918
   20   20    46          20338
   21   23    45          14813
   22   24    42          6783
   23   16    37          2870
   24   18    30          9246
   25   1    29          14581

RANK TEAM PRO/SOLVED TIME
   1   5    173          77767
   2   21    140          37123
   3   7    128          40925
   4   15    96          21943
   5   2    95          34115
   6   25    92          36769
   7   14    89          40537
   8   11    88          23188
   9   13    88          34210
   10   17    82          19503
   11   22    78          23414
   12   4    74          18847
   13   19    73          12638
   14   8    71          16218
   15   12    67          18535
   16   3    64          18334
   17   9    58          11754
   18   10    54          960
   19   6    51          13094
   20   20    48          21279
   21   23    47          15465
   22   24    45          7136
   23   16    39          3257
   24   18    34          10628
   25   1    32          16093

RANK TEAM PRO/SOLVED TIME
   1   5    180          80826
   2   21    145          38532
   3   7    135          43246
   4   15    100          22795
   5   2    100          35752
   6   25    96          38413
   7   14    94          42658
   8   11    93          24146
   9   13    93          36085
   10   17    87          21255
   11   22    82          24849
   12   19    78          13531
   13   4    77          19641
   14   8    74          17113
   15   12    71          19792
   16   3    68          19770
   17   9    61          12623
   18   10    57          1522
   19   6    55          14270
   20   23    50          16306
   21   20    50          22220
   22   24    49          7650
   23   16    41          3644
   24   18    38          12010
   25   1    35          17605

RANK TEAM PRO/SOLVED TIME
   1   5    187          83885
   2   21    151          40228
   3   7    142          45567
   4   2    105          37389
   5   15    104          23647
   6   25    100          40057
   7   14    99          44779
   8   11    98          25104
   9   13    98          37960
   10   17    92          23007
   11   22    86          26284
   12   19    83          14424
   13   4    80          20435
   14   8    77          18008
   15   12    75          21049
   16   3    72          21206
   17   9    64          13492
   18   10    60          2084
   19   6    59          15446
   20   24    53          8164
   21   23    53          17147
   22   20    53          23300
   23   16    43          4031
   24   18    42          13392
   25   1    39          19139

RANK TEAM PRO/SOLVED TIME
   1   5    194          86944
   2   21    157          41924
   3   7    149          47888
   4   2    110          39026
   5   15    108          24499
   6   11    104          26217
   7   25    104          41701
   8   14    104          46900
   9   13    103          39835
   10   17    97          24759
   11   22    90          27719
   12   19    88          15317
   13   4    83          21229
   14   8    80          18903
   15   12    79          22306
   16   3    76          22642
   17   9    67          14361
   18   10    63          2646
   19   6    63          16622
   20   24    57          8678
   21   23    57          18313
   22   20    56          24380
   23   18    46          14774
   24   16    45          4418
   25   1    43          20673

RANK TEAM PRO/SOLVED TIME
   1   5    201          90003
   2   21    163          43620
   3   7    156          50209
   4   2    115          40663
   5   15    113          25712
   6   11    110          27330
   7   13    109          41858
   8   14    109          49021
   9   25    108          43345
   10   17    102          26511
   11   22    94          29154
   12   19    93          16210
   13   4    86          22023
   14   8    83          19798
   15   12    83          23563
   16   3    80          24078
   17   9    70          15230
   18   6    67          17798
   19   10    66          3208
   20   24    61          9192
   21   23    61          19479
   22   20    59          25460
   23   18    50          16156
   24   16    47          4805
   25   1    47          22207

RANK TEAM PRO/SOLVED TIME
   1   5    208          93062
   2   21    169          45316
   3   7    163          52530
   4   2    120          42300
   5   15    118          26925
   6   11    116          28443
   7   13    115          43881
   8   14    114          51142
   9   25    112          44989
   10   17    107          28263
   11   19    98          17103
   12   22    98          30589
   13   4    89          22817
   14   12    87          24820
   15   8    86          20693
   16   3    84          25514
   17   9    73          16099
   18   6    71          18974
   19   10    69          3770
   20   24    65          9706
   21   23    65          20645
   22   20    62          26540
   23   18    54          17538
   24   1    51          23741
   25   16    49          5192

RANK TEAM PRO/SOLVED TIME
   1   5    215          96121
   2   21    175          47012
   3   7    170          54851
   4   2    125          43937
   5   15    123          28138
   6   11    122          29556
   7   13    121          45904
   8   14    119          53263
   9   25    116          46633
   10   17    112          30015
   11   19    103          17996
   12   22    102          32024
   13   4    92          23611
   14   12    91          26077
   15   8    89          21588
   16   3    88          26950
   17   9    76          16968
   18   6    75          20150
   19   10    72          4332
   20   24    69          10220
   21   23    69          21811
   22   20    65          27620
   23   18    58          18920
   24   1    55          25275
   25   16    51          5579

RANK TEAM PRO/SOLVED TIME
   1   5    222          99180
   2   21    181          48708
   3   7    177          57172
   4   2    130          45574
   5   15    128          29351
   6   11    128          30669
   7   13    127          47927
   8   14    124          55384
   9   25    120          48277
   10   17    117          31767
   11   19    108          18889
   12   22    106          33459
   13   4    95          24405
   14   12    95          27334
   15   8    92          22483
   16   3    92          28386
   17   9    79          17837
   18   6    79          21326
   19   10    75          4894
   20   24    73          10734
   21   23    73          22977
   22   20    68          28700
   23   18    62          20302
   24   1    59          26809
   25   16    53          5966

RANK TEAM PRO/SOLVED TIME
   1   5    229          102239
   2   21    187          50404
   3   7    184          59493
   4   2    135          47211
   5   11    134          31782
   6   15    133          30564
   7   13    133          49950
   8   14    129          57505
   9   25    124          49921
   10   17    123          33978
   11   19    113          19782
   12   22    111          35477
   13   4    100          25984
   14   12    100          28973
   15   3    96          29822
   16   8    95          23378
   17   9    83          18730
   18   6    83          22502
   19   10    78          5456
   20   24    77          11248
   21   23    77          24143
   22   20    71          29780
   23   18    66          21684
   24   1    63          28343
   25   16    55          6353

RANK TEAM PRO/SOLVED TIME
   1   5    236          105298
   2   21    193          52100
   3   7    191          61814
   4   11    140          32895
   5   2    140          48848
   6   13    140          52193
   7   15    138          31777
   8   14    134          59626
   9   17    129          36189
   10   25    128          51565
   11   19    118          20675
   12   22    116          37495
   13   4    105          27563
   14   12    105          30612
   15   3    100          31258
   16   8    98          24273
   17   9    87          19623
   18   6    87          23678
   19   23    82          25883
   20   10    81          6018
   21   24    81          11762
   22   20    74          30860
   23   18    70          23066
   24   1    67          29877
   25   16    57          6740

RANK TEAM PRO/SOLVED TIME
   1   5    243          108357
   2   21    199          53796
   3   7    198          64135
   4   13    147          54436
   5   11    146          34008
   6   2    146          50590
   7   15    143          32990
   8   14    139          61747
   9   17    135          38400
   10   25    132          53209
   11   19    123          21568
   12   22    121          39513
   13   4    110          29142
   14   12    110          32251
   15   3    104          32694
   16   8    101          25168
   17   9    91          20516
   18   6    91          24854
   19   23    87          27623
   20   24    85          12276
   21   10    84          6580
   22   20    77          31940
   23   18    74          24448
   24   1    71          31411
   25   16    59          7127

RANK TEAM PRO/SOLVED TIME
   1   5    250          111416
   2   21    205          55492
   3   7    205          66456
   4   13    154          56679
   5   11    152          35121
   6   2    152          52332
   7   15    148          34203
   8   14    144          63868
   9   17    141          40611
   10   25    136          54853
   11   19    128          22461
   12   22    126          41531
   13   4    116          31293
   14   12    115          33890
   15   3    108          34130
   16   8    104          26063
   17   9    95          21409
   18   6    95          26030
   19   23    93          29579
   20   24    89          12790
   21   10    87          7142
   22   20    80          33020
   23   18    78          25830
   24   1    76          33209
   25   16    61          7514

RANK TEAM PRO/SOLVED TIME
   1   5    257          114475
   2   7    212          68777
   3   21    211          57188
   4   13    161          58922
   5   11    158          36234
   6   2    158          54074
   7   15    153          35416
   8   14    149          65989
   9   17    147          42822
   10   25    140          56497
   11   19    133          23354
   12   22    131          43549
   13   4    122          33444
   14   12    120          35529
   15   3    112          35566
   16   8    108          27085
   17   9    100          22619
   18   6    99          27206
   19   23    99          31535
   20   24    93          13304
   21   10    91          8195
   22   20    84          34258
   23   18    82          27212
   24   1    81          35007
   25   16    63          7901

RANK TEAM PRO/SOLVED TIME
   1   5    264          117534
   2   7    219          71098
   3   21    217          58884
   4   13    168          61165
   5   11    164          37347
   6   2    164          55816
   7   15    158          36629
   8   14    154          68110
   9   17    153          45033
   10   25    144          58141
   11   19    138          24247
   12   22    136          45567
   13   4    128          35595
   14   12    125          37168
   15   3    116          37002
   16   8    112          28107
   17   9    105          23829
   18   23    105          33491
   19   6    103          28382
   20   24    97          13818
   21   10    95          9248
   22   20    88          35496
   23   18    86          28594
   24   1    86          36805
   25   16    65          8288

RANK TEAM PRO/SOLVED TIME
   1   5    271          120593
   2   7    226          73419
   3   21    223          60580
   4   13    175          63408
   5   2    171          58002
   6   11    170          38460
   7   15    163          37842
   8   17    159          47244
   9   14    159          70231
   10   25    148          59785
   11   19    143          25140
   12   22    141          47585
   13   4    134          37746
   14   12    130          38807
   15   3    120          38438
   16   8    116          29129
   17   23    111          35447
   18   9    110          25039
   19   6    107          29558
   20   24    101          14332
   21   10    99          10301
   22   20    92          36734
   23   1    91          38603
   24   18    90          29976
   25   16    67          8675

RANK TEAM PRO/SOLVED TIME
   1   5    278          123652
   2   7    233          75740
   3   21    229          62276
   4   13    182          65651
   5   2    178          60188
   6   11    177          39994
   7   15    168          39055
   8   17    165          49455
   9   14    164          72352
   10   25    152          61429
   11   19    148          26033
   12   22    146          49603
   13   4    140          39897
   14   12    135          40446
   15   3    124          39874
   16   8    120          30151
   17   23    117          37403
   18   9    115          26249
   19   6    111          30734
   20   24    105          14846
   21   10    103          11354
   22   20    96          37972
   23   1    96          40401
   24   18    94          31358
   25   16    70          9464

RANK TEAM PRO/SOLVED TIME
   1   5    285          126711
   2   7    240          78061
   3   21    235          63972
   4   13    189          67894
   5   2    185          62374
   6   11    184          41528
   7   15    173          40268
   8   17    171          51666
   9   14    169          74473
   10   25    156          63073
   11   19    153          26926
   12   22    151          51621
   13   4    146          42048
   14   12    140          42085
   15   3    128          41310
   16   8    124          31173
   17   23    124          39900
   18   9    120          27459
   19   6    115          31910
   20   24    110          15589
   21   10    108          12518
   22   1    101          42199
   23   20    100          39210
   24   18    98          32740
   25   16    73          10253

RANK TEAM PRO/SOLVED TIME
   1   5    292          129770
   2   7    247          80382
   3   21    241          65668
   4   13    196          70137
   5   2    192          64560
   6   11    191          43062
   7   15    178          41481
   8   17    177          53877
   9   14    174          76594
   10   25    160          64717
   11   19    158          27819
   12   22    156          53639
   13   4    152          44199
   14   12    145          43724
   15   3    132          42746
   16   23    131          42397
   17   8    128          32195
   18   9    125          28669
   19   6    119          33086
   20   24    115          16332
   21   10    113          13682
   22   1    106          43997
   23   20    104          40448
   24   18    102          34122
   25   16    76          11042

RANK TEAM PRO/SOLVED TIME
   1   5    299          132829
   2   7    254          82703
   3   21    247          67364
   4   13    203          72380
   5   2    199          66746
   6   11    198          44596
   7   17    184          56547
   8   15    183          42694
   9   14    179          78715
   10   25    164          66361
   11   19    163          28712
   12   22    161          55657
   13   4    158          46350
   14   12    150          45363
   15   23    138          44894
   16   3    136          44182
   17   8    132          33217
   18   9    130          29879
   19   6    123          34262
   20   24    120          17075
   21   10    118          14846
   22   1    111          45795
   23   20    108          41686
   24   18    106          35504
   25   16    79          11831

RANK TEAM PRO/SOLVED TIME
   1   5    306          135888
   2   7    261          85024
   3   21    253          69060
   4   13    210          74623
   5   2    206          68932
   6   11    205          46130
   7   17    191          59217
   8   15    189          44175
   9   14    184          80836
   10   19    168          29605
   11   25    168          68005
   12   22    166          57675
   13   4    164          48501
   14   12    155          47002
   15   23    145          47391
   16   3    140          45618
   17   8    136          34239
   18   9    135          31089
   19   6    127          35438
   20   24    125          17818
   21   10    123          16010
   22   1    116          47593
   23   20    112          42924
   24   18    110          36886
   25   16    82          12620

RANK TEAM PRO/SOLVED TIME
   1   5    313          138947
   2   7    268          87345
   3   21    259          70756
   4   13    217          76866
   5   2    213          71118
   6   11    212          47664
   7   17    198          61887
   8   15    195          45656
   9   14    189          82957
   10   19    173          30498
   11   25    172          69649
   12   22    171          59693
   13   4    170          50652
   14   12    160          48641
   15   23    152          49888
   16   3    144          47054
   17   9    140          32299
   18   8    140          35261
   19   6    131          36614
   20   24    130          18561
   21   10    128          17174
   22   1    121          49391
   23   20    116          44162
   24   18    114          38268
   25   16    85          13409

RANK TEAM PRO/SOLVED TIME
   1   5    320          142006
   2   7    275          89666
   3   21    265          72452
   4   13    224          79109
   5   2    220          73304
   6   11    219          49198
   7   17    205          64557
   8   15    201          47137
   9   14    194          85078
   10   19    178          31391
   11   4    176          52803
   12   22    176          61711
   13   25    176          71293
   14   12    165          50280
   15   23    159          52385
   16   3    148          48490
   17   9    145          33509
   18   8    144          36283
   19   24    135          19304
   20   6    135          37790
   21   10    133          18338
   22   1    126          51189
   23   20    120          45400
   24   18    118          39650
   25   16    88          14198

RANK TEAM PRO/SOLVED TIME
   1   5    327          145065
   2   7    282          91987
   3   21    271          74148
   4   13    231          81352
   5   2    227          75490
   6   11    226          50732
   7   17    212          67227
   8   15    207          48618
   9   14    199          87199
   10   19    183          32284
   11   4    182          54954
   12   22    181          63729
   13   25    180          72937
   14   12    170          51919
   15   23    166          54882
   16   3    152          49926
   17   9    150          34719
   18   8    148          37305
   19   24    140          20047
   20   6    139          38966
   21   10    138          19502
   22   1    131          52987
   23   20    124          46638
   24   18    122          41032
   25   16    91          14987

RANK TEAM PRO/SOLVED TIME
   1   5    334          148124
   2   7    289          94308
   3   21    277          75844
   4   13    238          83595
   5   2    234          77676
   6   11    233          52266
   7   17    219          69897
   8   15    213          50099
   9   14    204          89320
   10   19    188          33177
   11   4    188          57105
   12   22    186          65747
   13   25    184          74581
   14   12    175          53558
   15   23    173          57379
   16   3    156          51362
   17   9    155          35929
   18   8    152          38327
   19   24    145          20790
   20   10    143          20666
   21   6    143          40142
   22   1    137          55250
   23   20    128          47876
   24   18    126          42414
   25   16    94          15776

RANK TEAM PRO/SOLVED TIME
   1   5    341          151183
   2   7    296          96629
   3   21    283          77540
   4   13    245          85838
   5   2    241          79862
   6   11    240          53800
   7   17    226          72567
   8   15    219          51580
   9   14    209          91441
   10   19    194          34236
   11   4    194          59256
   12   22    191          67765
   13   25    188          76225
   14   12    180          55197
   15   23    180          59876
   16   9    160          37139
   17   3    160          52798
   18   8    156          39349
   19   24    150          21533
   20   10    148          21830
   21   6    147          41318
   22   1    143          57513
   23   20    132          49114
   24   18    130          43796
   25   16    97          16565

RANK TEAM PRO/SOLVED TIME
   1   5    348          154242
   2   7    303          98950
   3   21    289          79236
   4   13    252          88081
   5   2    248          82048
   6   11    247          55334
   7   17    233          75237
   8   15    225          53061
   9   14    214          93562
   10   19    201          35824
   11   4    200          61407
   12   22    196          69783
   13   25    192          77869
   14   23    187          62373
   15   12    185          56836
   16   9    165          38349
   17   3    164          54234
   18   8    160          40371
   19   24    156          22788
   20   10    153          22994
   21   6    151          42494
   22   1    149          59776
   23   20    136          50352
   24   18    134          45178
   25   16    100          17354

RANK TEAM PRO/SOLVED TIME
   1   5    355          157301
   2   7    310          101271
   3   21    295          80932
   4   13    259          90324
   5   2    255          84234
   6   11    254          56868
   7   17    240          77907
   8   15    231          54542
   9   14    219          95683
   10   19    208          37412
   11   4    206          63558
   12   22    201          71801
   13   25    196          79513
   14   23    194          64870
   15   12    190          58475
   16   9    170          39559
   17   3    168          55670
   18   8    164          41393
   19   24    162          24043
   20   10    158          24158
   21   6    155          43670
   22   1    155          62039
   23   20    141          51832
   24   18    138          46560
   25   16    104          18690

RANK TEAM PRO/SOLVED TIME
   1   5    362          160360
   2   7    317          103592
   3   21    301          82628
   4   13    266          92567
   5   2    262          86420
   6   11    261          58402
   7   17    247          80577
   8   15    237          56023
   9   14    224          97804
   10   19    215          39000
   11   4    212          65709
   12   22    206          73819
   13   23    201          67367
   14   25    200          81157
   15   12    195          60114
   16   9    175          40769
   17   3    172          57106
   18   24    168          25298
   19   8    168          42415
   20   10    163          25322
   21   1    161          64302
   22   6    159          44846
   23   20    146          53312
   24   18    142          47942
   25   16    108          20026

RANK TEAM PRO/SOLVED TIME
   1   5    369          163419
   2   7    324          105913
   3   21    307          84324
   4   13    273          94810
   5   2    269          88606
   6   11    268          59936
   7   17    254          83247
   8   15    243          57504
   9   14    229          99925
   10   19    222          40588
   11   4    218          67860
   12   22    211          75837
   13   23    208          69864
   14   25    204          82801
   15   12    201          61961
   16   9    180          41979
   17   3    177          58555
   18   24    174          26553
   19   8    172          43437
   20   10    168          26486
   21   1    167          66565
   22   6    163          46022
   23   20    151          54792
   24   18    146          49324
   25   16    112          21362

RANK TEAM PRO/SOLVED TIME
   1   5    376          166478
   2   7    331          108234
   3   21    313          86020
   4   13    280          97053
   5   2    276          90792
   6   11    275          61470
   7   17    261          85917
   8   15    249          58985
   9   14    234          102046
   10   19    229          42176
   11   4    224          70011
   12   22    216          77855
   13   23    215          72361
   14   25    208          84445
   15   12    207          63808
   16   9    185          43189
   17   3    183          60261
   18   24    180          27808
   19   8    176          44459
   20   10    173          27650
   21   1    173          68828
   22   6    167          47198
   23   20    156          56272
   24   18    150          50706
   25   16    116          22698

RANK TEAM PRO/SOLVED TIME
   1   5    383          169537
   2   7    338          110555
   3   21    319          87716
   4   13    287          99296
   5   2    283          92978
   6   11    282          63004
   7   17    268          88587
   8   15    255          60466
   9   14    239          104167
   10   19    236          43764
   11   4    230          72162
   12   23    222          74858
   13   22    221          79873
   14   12    213          65655
   15   25    212          86089
   16   9    190          44399
   17   3    189          61967
   18   24    186          29063
   19   8    180          45481
   20   1    179          71091
   21   10    178          28814
   22   6    171          48374
   23   20    161          57752
   24   18    154          52088
   25   16    120          24034

RANK TEAM PRO/SOLVED TIME
   1   5    390          172596
   2   7    345          112876
   3   21    325          89412
   4   13    294          101539
   5   2    290          95164
   6   11    289          64538
   7   17    275          91257
   8   15    261          61947
   9   14    244          106288
   10   19    243          45352
   11   4    236          74313
   12   23    229          77355
   13   22    226          81891
   14   12    219          67502
   15   25    216          87733
   16   9    195          45609
   17   3    195          63673
   18   24    192          30318
   19   1    185          73354
   20   8    184          46503
   21   10    183          29978
   22   6    175          49550
   23   20    166          59232
   24   18    158          53470
   25   16    124          25370

RANK TEAM PRO/SOLVED TIME
   1   5    397          175655
   2   7    352          115197
   3   21    331          91108
   4   13    301          103782
   5   2    297          97350
   6   11    296          66072
   7   17    282          93927
   8   15    267          63428
   9   19    250          46940
   10   14    249          108409
   11   4    242          76464
   12   23    236          79852
   13   22    231          83909
   14   12    225          69349
   15   25    220          89377
   16   3    201          65379
   17   9    200          46819
   18   24    198          31573
   19   1    191          75617
   20   10    188          31142
   21   8    188          47525
   22   6    179          50726
   23   20    171          60712
   24   18    162          54852
   25   16    128          26706

RANK TEAM PRO/SOLVED TIME
   1   5    404          178714
   2   7    359          117518
   3   21    337          92804
   4   13    308          106025
   5   2    304          99536
   6   11    303          67606
   7   17    289          96597
   8   15    273          64909
   9   19    257          48528
   10   14    254          110530
   11   4    248          78615
   12   23    243          82349
   13   22    236          85927
   14   12    231          71196
   15   25    224          91021
   16   3    207          67085
   17   9    206          48397
   18   24    204          32828
   19   1    197          77880
   20   10    193          32306
   21   8    192          48547
   22   6    183          51902
   23   20    176          62192
   24   18    166          56234
   25   16    132          28042

RANK TEAM PRO/SOLVED TIME
   1   5    411          181773
   2   7    366          119839
   3   21    343          94500
   4   13    315          108268
   5   2    311          101722
   6   11    310          69140
   7   17    296          99267
   8   15    279          66390
   9   19    264          50116
   10   14    259          112651
   11   4    254          80766
   12   23    250          84846
   13   22    242          88263
   14   12    237          73043
   15   25    228          92665
   16   3    213          68791
   17   9    212          49975
   18   24    210          34083
   19   1    203          80143
   20   10    199          33712
   21   8    196          49569
   22   6    187          53078
   23   20    181          63672
   24   18    171          57660
   25   16    136          29378

RANK TEAM PRO/SOLVED TIME
   1   5    418          184832
   2   7    373          122160
   3   21    349          96196
   4   13    322          110511
   5   2    318          103908
   6   11    317          70674
   7   17    303          101937
   8   15    285          67871
   9   19    271          51704
   10   14    264          114772
   11   4    260          82917
   12   23    257          87343
   13   22    248          90599
   14   12    243          74890
   15   25    232          94309
   16   3    219          70497
   17   9    218          51553
   18   24    216          35338
   19   1    209          82406
   20   10    205          35118
   21   8    200          50591
   22   6    191          54254
   23   20    186          65152
   24   18    176          59086
   25   16    140          30714

RANK TEAM PRO/SOLVED TIME
   1   5    425          187891
   2   7    380          124481
   3   21    355          97892
   4   13    329          112754
   5   2    325          106094
   6   11    324          72208
   7   17    310          104607
   8   15    291          69352
   9   19    278          53292
   10   14    269          116893
   11   4    266          85068
   12   23    264          89840
   13   22    254          92935
   14   12    249          76737
   15   25    236          95953
   16   3    225          72203
   17   9    224          53131
   18   24    222          36593
   19   1    215          84669
   20   10    211          36524
   21   8    204          51613
   22   6    195          55430
   23   20    191          66632
   24   18    181          60512
   25   16    144          32050

RANK TEAM PRO/SOLVED TIME
   1   5    432          190950
   2   7    387          126802
   3   21    361          99588
   4   13    336          114997
   5   2    332          108280
   6   11    331          73742
   7   17    317          107277
   8   15    297          70833
   9   19    285          54880
   10   14    274          119014
   11   4    272          87219
   12   23    271          92337
   13   22    260          95271
   14   12    255          78584
   15   25    240          97597
   16   3    231          73909
   17   9    230          54709
   18   24    228          37848
   19   1    221          86932
   20   10    217          37930
   21   8    208          52635
   22   6    199          56606
   23   20    196          68112
   24   18    186          61938
   25   16    148          33386

RANK TEAM PRO/SOLVED TIME
   1   5    439          194009
   2   7    394          129123
   3   21    367          101284
   4   13    343          117240
   5   2    339          110466
   6   11    338          75276
   7   17    324          109947
   8   15    303          72314
   9   19    292          56468
   10   14    279          121135
   11   4    278          89370
   12   23    278          94834
   13   22    266          97607
   14   12    261          80431
   15   25    244          99241
   16   3    237          75615
   17   9    236          56287
   18   24    234          39103
   19   1    227          89195
   20   10    224          39693
   21   8    213          54184
   22   6    203          57782
   23   20    201          69592
   24   18    192          63431
   25   16    152          34722

RANK TEAM PRO/SOLVED TIME
   1   5    446          197068
   2   7    401          131444
   3   21    373          102980
   4   13    350          119483
   5   2    346          112652
   6   11    345          76810
   7   17    331          112617
   8   15    309          73795
   9   19    299          58056
   10   23    285          97331
   11   4    284          91521
   12   14    284          123256
   13   22    272          99943
   14   12    267          82278
   15   25    248          100885
   16   3    243          77321
   17   9    242          57865
   18   24    240          40358
   19   1    233          91458
   20   10    231          41456
   21   8    218          55733
   22   6    207          58958
   23   20    206          71072
   24   18    198          64924
   25   16    156          36058

RANK TEAM PRO/SOLVED TIME
   1   5    453          200127
   2   7    408          133765
   3   21    379          104676
   4   13    357          121726
   5   2    353          114838
   6   11    352          78344
   7   17    338          115287
   8   15    315          75276
   9   19    306          59644
   10   23    292          99828
   11   4    290          93672
   12   14    289          125377
   13   22    278          102279
   14   12    273          84125
   15   25    252          102529
   16   3    250          79160
   17   9    248          59443
   18   24    246          41613
   19   1    239          93721
   20   10    238          43219
   21   8    223          57282
   22   6    211          60134
   23   20    211          72552
   24   18    204          66417
   25   16    160          37394

RANK TEAM PRO/SOLVED TIME
   1   5    460          203186
   2   7    415          136086
   3   21    385          106372
   4   13    364          123969
   5   2    360          117024
   6   11    359          79878
   7   17    345          117957
   8   15    321          76757
   9   19    313          61232
   10   23    299          102325
   11   4    296          95823
   12   14    294          127498
   13   22    284          104615
   14   12    279          85972
   15   3    257          80999
   16   25    256          104173
   17   9    254          61021
   18   24    252          42868
   19   10    245          44982
   20   1    245          95984
   21   8    228          58831
   22   20    216          74032
   23   6    215          61310
   24   18    210          67910
   25   16    164          38730

RANK TEAM PRO/SOLVED TIME
   1   5    467          206245
   2   7    422          138407
   3   21    391          108068
   4   13    371          126212
   5   2    367          119210
   6   11    366          81412
   7   17    352          120627
   8   15    327          78238
   9   19    320          62820
   10   23    306          104822
   11   4    302          97974
   12   14    299          129619
   13   22    290          106951
   14   12    285          87819
   15   3    264          82838
   16   9    260          62599
   17   25    260          105817
   18   24    258          44123
   19   10    252          46745
   20   1    251          98247
   21   8    233          60380
   22   20    221          75512
   23   6    219          62486
   24   18    216          69403
   25   16    168          40066

RANK TEAM PRO/SOLVED TIME
   1   5    474          209304
   2   7    429          140728
   3   21    397          109764
   4   13    378          128455
   5   2    374          121396
   6   11    373          82946
   7   17    359          123297
   8   15    333          79719
   9   19    327          64408
   10   23    313          107319
   11   4    308          100125
   12   14    304          131740
   13   22    296          109287
   14   12    291          89666
   15   3    271          84677
   16   9    266          64177
   17   24    264          45378
   18   25    264          107461
   19   10    259          48508
   20   1    257          100510
   21   8    238          61929
   22   20    226          76992
   23   6    223          63662
   24   18    222          70896
   25   16    172          41402

RANK TEAM PRO/SOLVED TIME
   1   5    481          212363
   2   7    436          143049
   3   21    403          111460
   4   13    385          130698
   5   2    381          123582
   6   11    380          84480
   7   17    366          125967
   8   15    339          81200
   9   19    334          65996
   10   23    320          109816
   11   4    314          102276
   12   14    309          133861
   13   22    302          111623
   14   12    297          91513
   15   3    278          86516
   16   9    272          65755
   17   24    270          46633
   18   25    268          109105
   19   10    266          50271
   20   1    263          102773
   21   8    243          63478
   22   20    231          78472
   23   18    228          72389
   24   6    227          64838
   25   16    176          42738

RANK TEAM PRO/SOLVED TIME
   1   5    488          215422
   2   7    443          145370
   3   21    409          113156
   4   13    392          132941
   5   2    388          125768
   6   11    387          86014
   7   17    373          128637
   8   15    345          82681
   9   19    341          67584
   10   23    327          112313
   11   4    320          104427
   12   14    314          135982
   13   22    308          113959
   14   12    303          93360
   15   3    285          88355
   16   9    278          67333
   17   24    276          47888
   18   10    273          52034
   19   25    272          110749
   20   1    269          105036
   21   8    248          65027
   22   20    236          79952
   23   18    234          73882
   24   6    231          66014
   25   16    180          44074

RANK TEAM PRO/SOLVED TIME
   1   5    495          218481
   2   7    450          147691
   3   21    415          114852
   4   13    399          135184
   5   2    395          127954
   6   11    394          87548
   7   17    380          131307
   8   15    351          84162
   9   19    348          69172
   10   23    334          114810
   11   4    326          106578
   12   14    319          138103
   13   22    314          116295
   14   12    309          95207
   15   3    292          90194
   16   9    284          68911
   17   24    282          49143
   18   10    280          53797
   19   25    277          112820
   20   1    275          107299
   21   8    253          66576
   22   20    241          81432
   23   18    240          75375
   24   6    235          67190
   25   16    185          45785

RANK TEAM PRO/SOLVED TIME
   1   5    502          221540
   2   7    457          150012
   3   21    421          116548
   4   13    406          137427
   5   2    402          130140
   6   11    401          89082
   7   17    387          133977
   8   15    357          85643
   9   19    355          70760
   10   23    341          117307
   11   4    333          108908
   12   14    324          140224
   13   22    320          118631
   14   12    315          97054
   15   3    299          92033
   16   9    290          70489
   17   24    288          50398
   18   10    287          55560
   19   25    282          114891
   20   1    281          109562
   21   8    259          68417
   22   18    246          76868
   23   20    246          82912
   24   6    239          68366
   25   16    190          47496

RANK TEAM PRO/SOLVED TIME
   1   5    509          224599
   2   7    464          152333
   3   21    427          118244
   4   13    413          139670
   5   2    409          132326
   6   11    408          90616
   7   17    394          136647
   8   15    363          87124
   9   19    362          72348
   10   23    348          119804
   11   4    340          111238
   12   14    329          142345
   13   22    326          120967
   14   12    321          98901
   15   3    306          93872
   16   9    296          72067
   17   24    294          51653
   18   10    294          57323
   19   1    287          111825
   20   25    287          116962
   21   8    265          70258
   22   18    252          78361
   23   20    251          84392
   24   6    243          69542
   25   16    195          49207

RANK TEAM PRO/SOLVED TIME
   1   5    516          227658
   2   7    471          154654
   3   21    433          119940
   4   13    420          141913
   5   2    416          134512
   6   11    415          92150
   7   17    401          139317
   8   19    369          73936
   9   15    369          88605
   10   23    355          122301
   11   4    347          113568
   12   14    334          144466
   13   22    332          123303
   14   12    327          100748
   15   3    313          95711
   16   9    302          73645
   17   10    301          59086
   18   24    300          52908
   19   1    293          114088
   20   25    292          119033
   21   8    271          72099
   22   18    259          80281
   23   20    256          85872
   24   6    247          70718
   25   16    200          50918

RANK TEAM PRO/SOLVED TIME
   1   5    523          230717
   2   7    478          156975
   3   21    439          121636
   4   13    427          144156
   5   2    423          136698
   6   11    422          93684
   7   17    408          141987
   8   19    376          75524
   9   15    375          90086
   10   23    362          124798
   11   4    354          115898
   12   14    339          146587
   13   22    338          125639
   14   12    333          102595
   15   3    320          97550
   16   10    308          60849
   17   9    308          75223
   18   24    307          54622
   19   1    299          116351
   20   25    297          121104
   21   8    277          73940
   22   18    266          82201
   23   20    261          87352
   24   6    251          71894
   25   16    205          52629

RANK TEAM PRO/SOLVED TIME
   1   5    530          233776
   2   7    485          159296
   3   21    445          123332
   4   13    434          146399
   5   2    430          138884
   6   11    429          95218
   7   17    415          144657
   8   19    383          77112
   9   15    381          91567
   10   23    369          127295
   11   4    361          118228
   12   22    345          128283
   13   14    344          148708
   14   12    339          104442
   15   3    327          99389
   16   10    315          62612
   17   24    314          56336
   18   9    314          76801
   19   1    305          118614
   20   25    302          123175
   21   8    283          75781
   22   18    273          84121
   23   20    266          88832
   24   6    255          73070
   25   16    210          54340

RANK TEAM PRO/SOLVED TIME
   1   5    537          236835
   2   7    492          161617
   3   21    451          125028
   4   13    441          148642
   5   2    437          141070
   6   11    436          96752
   7   17    422          147327
   8   19    390          78700
   9   15    387          93048
   10   23    376          129792
   11   4    368          120558
   12   22    352          130927
   13   14    349          150829
   14   12    345          106289
   15   3    334          101228
   16   10    322          64375
   17   24    321          58050
   18   9    320          78379
   19   1    311          120877
   20   25    307          125246
   21   8    289          77622
   22   18    280          86041
   23   20    271          90312
   24   6    259          74246
   25   16    215          56051

RANK TEAM PRO/SOLVED TIME
   1   5    544          239894
   2   7    499          163938
   3   21    457          126724
   4   13    448          150885
   5   2    444          143256
   6   11    443          98286
   7   17    429          149997
   8   19    397          80288
   9   15    393          94529
   10   23    383          132289
   11   4    375          122888
   12   22    359          133571
   13   14    354          152950
   14   12    351          108136
   15   3    341          103067
   16   10    329          66138
   17   24    328          59764
   18   9    326          79957
   19   1    317          123140
   20   25    312          127317
   21   8    295          79463
   22   18    287          87961
   23   20    276          91792
   24   6    263          75422
   25   16    220          57762

RANK TEAM PRO/SOLVED TIME
   1   5    551          242953
   2   7    506          166259
   3   21    463          128420
   4   13    455          153128
   5   2    451          145442
   6   11    450          99820
   7   17    436          152667
   8   19    404          81876
   9   15    399          96010
   10   23    390          134786
   11   4    382          125218
   12   22    366          136215
   13   14    359          155071
   14   12    357          109983
   15   3    348          104906
   16   10    336          67901
   17   24    335          61478
   18   9    332          81535
   19   1    323          125403
   20   25    317          129388
   21   8    301          81304
   22   18    294          89881
   23   20    281          93272
   24   6    267          76598
   25   16    225          59473

RANK TEAM PRO/SOLVED TIME
   1   5    558          246012
   2   7    513          168580
   3   21    469          130116
   4   13    462          155371
   5   2    458          147628
   6   11    457          101354
   7   17    443          155337
   8   19    411          83464
   9   15    405          97491
   10   23    397          137283
   11   4    389          127548
   12   22    373          138859
   13   14    364          157192
   14   12    363          111830
   15   3    355          106745
   16   10    343          69664
   17   24    342          63192
   18   9    338          83113
   19   1    329          127666
   20   25    322          131459
   21   8    307          83145
   22   18    301          91801
   23   20    287          95256
   24   6    272          77877
   25   16    230          61184

RANK TEAM PRO/SOLVED TIME
   1   5    565          249071
   2   7    520          170901
   3   21    475          131812
   4   13    469          157614
   5   2    465          149814
   6   11    464          102888
   7   17    450          158007
   8   19    418          85052
   9   15    411          98972
   10   23    404          139780
   11   4    396          129878
   12   22    380          141503
   13   12    369          113677
   14   14    369          159313
   15   3    362          108584
   16   10    350          71427
   17   24    349          64906
   18   9    344          84691
   19   1    335          129929
   20   25    327          133530
   21   8    313          84986
   22   18    308          93721
   23   20    293          97240
   24   6    277          79156
   25   16    235          62895

RANK TEAM PRO/SOLVED TIME
   1   5    572          252130
   2   7    527          173222
   3   21    481          133508
   4   13    476          159857
   5   2    472          152000
   6   11    471          104422
   7   17    457          160677
   8   19    425          86640
   9   15    417          100453
   10   23    411          142277
   11   4    403          132208
   12   22    387          144147
   13   12    375          115524
   14   14    374          161434
   15   3    369          110423
   16   10    357          73190
   17   24    356          66620
   18   9    350          86269
   19   1    341          132192
   20   25    332          135601
   21   8    319          86827
   22   18    315          95641
   23   20    299          99224
   24   6    282          80435
   25   16    240          64606

RANK TEAM PRO/SOLVED TIME
   1   5    579          255189
   2   7    534          175543
   3   21    487          135204
   4   13    483          162100
   5   2    479          154186
   6   11    478          105956
   7   17    464          163347
   8   19    432          88228
   9   15    423          101934
   10   23    418          144774
   11   4    410          134538
   12   22    394          146791
   13   12    381          117371
   14   14    379          163555
   15   3    376          112262
   16   10    364          74953
   17   24    363          68334
   18   9    356          87847
   19   1    347          134455
   20   25    338          138069
   21   8    325          88668
   22   18    322          97561
   23   20    305          101208
   24   6    287          81714
   25   16    245          66317

RANK TEAM PRO/SOLVED TIME
   1   5    586          258248
   2   7    541          177864
   3   21    493          136900
   4   13    490          164343
   5   2    486          156372
   6   11    485          107490
   7   17    471          166017
   8   19    439          89816
   9   15    429          103415
   10   23    425          147271
   11   4    417          136868
   12   22    401          149435
   13   12    387          119218
   14   14    384          165676
   15   3    383          114101
   16   10    371          76716
   17   24    370          70048
   18   9    362          89425
   19   1    353          136718
   20   25    344          140537
   21   8    331          90509
   22   18    329          99481
   23   20    311          103192
   24   6    292          82993
   25   16    251          68206

RANK TEAM PRO/SOLVED TIME
   1   5    593          261307
   2   7    548          180185
   3   21    499          138596
   4   13    497          166586
   5   2    493          158558
   6   11    492          109024
   7   17    478          168687
   8   19    446          91404
   9   15    435          104896
   10   23    432          149768
   11   4    424          139198
   12   22    408          152079
   13   12    393          121065
   14   3    390          115940
   15   14    389          167797
   16   10    378          78479
   17   24    377          71762
   18   9    368          91003
   19   1    359          138981
   20   25    350          143005
   21   8    337          92350
   22   18    336          101401
   23   20    317          105176
   24   6    297          84272
   25   16    257          70095

RANK TEAM PRO/SOLVED TIME
   1   5    600          264366
   2   7    555          182506
   3   21    505          140292
   4   13    504          168829
   5   2    500          160744
   6   11    499          110558
   7   17    485          171357
   8   19    453          92992
   9   15    441          106377
   10   23    439          152265
   11   4    431          141528
   12   22    415          154723
   13   12    399          122912
   14   3    397          117779
   15   14    394          169918
   16   10    385          80242
   17   24    384          73476
   18   9    374          92581
   19   1    365          141244
   20   25    356          145473
   21   8    343          94191
   22   18    343          103321
   23   20    323          107160
   24   6    302          85551
   25   16    263          71984

RANK TEAM PRO/SOLVED TIME
   1   5    607          267425
   2   7    562          184827
   3   21    511          141988
   4   13    511          171072
   5   2    507          162930
   6   11    506          112092
   7   17    492          174027
   8   19    460          94580
   9   15    447          107858
   10   23    446          154762
   11   4    438          143858
   12   22    422          157367
   13   12    405          124759
   14   3    404          119618
   15   14    399          172039
   16   10    392          82005
   17   24    391          75190
   18   9    380          94159
   19   1    371          143507
   20   25    362          147941
   21   8    350          96141
   22   18    350          105241
   23   20    329          109144
   24   6    307          86830
   25   16    269          73873

RANK TEAM PRO/SOLVED TIME
   1   5    614          270484
   2   7    569          187148
   3   21    518          144004
   4   13    518          173315
   5   2    514          165116
   6   11    513          113626
   7   17    499          176697
   8   19    467          96168
   9   15    453          109339
   10   23    453          157259
   11   4    445          146188
   12   22    429          160011
   13   3    411          121457
   14   12    411          126606
   15   14    404          174160
   16   10    399          83768
   17   24    398          76904
   18   9    386          95737
   19   1    377          145770
   20   25    368          150409
   21   8    357          98091
   22   18    357          107161
   23   20    335          111128
   24   6    312          88109
   25   16    275          75762

RANK TEAM PRO/SOLVED TIME
   1   5    621          273543
   2   7    576          189469
   3   21    525          146020
   4   13    525          175558
   5   2    521          167302
   6   11    520          115160
   7   17    506          179367
   8   19    474          97756
   9   23    460          159756
   10   15    459          110820
   11   4    452          148518
   12   22    436          162655
   13   3    418          123296
   14   12    417          128453
   15   14    409          176281
   16   10    406          85531
   17   24    405          78618
   18   9    392          97315
   19   1    383          148033
   20   25    374          152877
   21   8    364          100041
   22   18    364          109081
   23   20    341          113112
   24   6    317          89388
   25   16    281          77651

RANK TEAM PRO/SOLVED TIME
   1   5    628          276602
   2   7    583          191790
   3   21    532          148036
   4   13    532          177801
   5   2    528          169488
   6   11    527          116694
   7   17    513          182037
   8   19    481          99344
   9   23    467          162253
   10   15    465          112301
   11   4    459          150848
   12   22    443          165299
   13   3    425          125135
   14   12    423          130300
   15   14    414          178402
   16   10    413          87294
   17   24    412          80332
   18   9    398          98893
   19   1    389          150296
   20   25    380          155345
   21   8    371          101991
   22   18    371          111001
   23   20    347          115096
   24   6    322          90667
   25   16    287          79540

RANK TEAM PRO/SOLVED TIME
   1   5    635          279661
   2   7    590          194111
   3   21    539          150052
   4   13    539          180044
   5   2    535          171674
   6   11    534          118228
   7   17    520          184707
   8   19    488          100932
   9   23    474          164750
   10   15    471          113782
   11   4    466          153178
   12   22    450          167943
   13   3    432          126974
   14   12    429          132147
   15   10    420          89057
   16   24    419          82046
   17   14    419          180523
   18   9    404          100471
   19   1    395          152559
   20   25    386          157813
   21   8    378          103941
   22   18    378          112921
   23   20    353          117080
   24   6    327          91946
   25   16    293          81429

RANK TEAM PRO/SOLVED TIME
   1   5    642          282720
   2   7    597          196432
   3   21    546          152068
   4   13    546          182287
   5   2    542          173860
   6   11    541          119762
   7   17    527          187377
   8   19    495          102520
   9   23    481          167247
   10   15    477          115263
   11   4    473          155508
   12   22    457          170587
   13   3    439          128813
   14   12    435          133994
   15   10    427          90820
   16   24    426          83760
   17   14    424          182644
   18   9    410          102049
   19   1    401          154822
   20   25    392          160281
   21   8    385          105891
   22   18    385          114841
   23   20    359          119064
   24   6    332          93225
   25   16    299          83318

